0   1000.000000 
1   15.250000 
2   13.750000 
3   14.750000 
4   12.750000 
5   15.250000 
6   13.750000 
7   14.250000 
8   12.750000 
9   14.250000 
10   14.250000 
11   13.250000 
12   14.750000 
13   14.750000 
14   14.750000 
15   13.250000 
16   15.250000 
17   16.750000 
18   13.750000 
19   15.250000 
20   16.250000 
21   16.750000 
22   16.250000 
23   16.250000 
24   14.250000 
25   16.250000 
26   16.250000 
27   16.750000 
28   15.250000 
29   16.750000 
30   17.250000 
31   16.750000 
32   16.750000 
33   1000.000000 
34   17.250000 
35   17.250000 
36   17.250000 
37   19.750000 
38   17.750000 
39   17.750000 
40   18.250000 
41   18.750000 
42   18.750000 
43   18.250000 
44   17.750000 
45   18.250000 
46   18.750000 
47   17.750000 
48   1000.000000 
49   22.750000 
50   19.250000 
51   17.750000 
52   18.250000 
53   1000.000000 
54   19.250000 
55   18.750000 
56   18.250000 
57   19.250000 
58   19.250000 
59   19.250000 
60   1000.000000 
61   19.250000 
62   18.750000 
63   18.750000 
64   18.750000 
65   96.750000 
66   19.250000 
67   19.250000 
68   17.750000 
69   21.750000 
70   19.250000 
71   19.250000 
72   17.750000 
73   20.250000 
74   20.750000 
75   19.250000 
76   18.750000 
77   20.250000 
78   19.750000 
79   19.750000 
80   19.250000 
81   113.250000 
82   20.250000 
83   20.250000 
84   18.750000 
85   85.750000 
86   20.250000 
87   19.750000 
88   18.250000 
89   20.750000 
90   20.250000 
91   19.750000 
92   19.750000 
93   20.750000 
94   21.250000 
95   19.250000 
96   20.250000 
97   115.250000 
98   21.250000 
99   20.250000 
100   19.250000 
101   99.250000 
102   20.250000 
103   19.750000 
104   18.250000 
105   20.750000 
106   21.250000 
107   19.750000 
108   19.750000 
109   19.750000 
110   19.750000 
111   19.250000 
112   19.750000 
113   117.250000 
114   22.250000 
115   20.250000 
116   19.750000 
117   1000.000000 
118   21.750000 
119   20.250000 
120   19.250000 
121   19.750000 
122   20.750000 
123   19.250000 
124   1000.000000 
125   21.250000 
126   20.750000 
127   19.750000 
128   20.250000 
129   65.250000 
130   22.250000 
131   19.750000 
132   19.750000 
133   20.750000 
134   1000.000000 
135   19.750000 
136   19.750000 
137   21.250000 
138   22.250000 
139   1000.000000 
140   19.750000 
141   21.750000 
142   20.750000 
143   20.250000 
144   19.750000 
145   60.250000 
146   1000.000000 
147   20.750000 
148   19.750000 
149   22.250000 
150   22.750000 
151   19.750000 
152   19.250000 
153   21.250000 
154   21.250000 
155   19.750000 
156   19.750000 
157   21.750000 
158   20.750000 
159   1000.000000 
160   19.750000 
161   124.250000 
162   21.750000 
163   21.250000 
164   20.250000 
165   21.250000 
166   22.750000 
167   19.750000 
168   20.250000 
169   22.250000 
170   22.250000 
171   20.250000 
172   20.750000 
173   21.250000 
174   21.750000 
175   19.750000 
176   19.750000 
177   55.250000 
178   21.750000 
179   20.250000 
180   19.250000 
181   21.750000 
182   20.250000 
183   20.750000 
184   19.250000 
185   20.250000 
186   21.750000 
187   19.750000 
188   19.250000 
189   21.250000 
190   22.250000 
191   20.250000 
192   20.750000 
193   57.750000 
194   19.750000 
195   21.250000 
196   18.750000 
197   20.750000 
198   20.750000 
199   20.250000 
200   18.750000 
201   20.250000 
202   21.250000 
203   19.750000 
204   20.250000 
205   20.250000 
206   20.250000 
207   19.250000 
208   19.250000 
209   22.250000 
210   18.750000 
211   20.750000 
212   19.250000 
213   19.250000 
214   19.250000 
215   19.250000 
216   18.750000 
217   18.750000 
218   20.250000 
219   18.250000 
220   19.250000 
221   18.750000 
222   19.750000 
223   18.250000 
224   18.750000 
225   18.750000 
226   17.250000 
227   17.250000 
228   17.750000 
229   17.750000 
230   17.250000 
231   15.750000 
232   16.750000 
233   18.250000 
234   16.750000 
235   17.750000 
236   15.750000 
237   15.250000 
238   17.250000 
239   15.250000 
240   15.750000 
241   16.250000 
242   15.750000 
243   13.750000 
244   14.750000 
245   15.250000 
246   16.250000 
247   13.750000 
248   14.750000 
249   14.750000 
250   14.250000 
251   14.750000 
252   12.750000 
253   13.750000 
254   14.750000 
255   13.250000 
256   13.250000 
257   1000.000000 
258   13.250000 
259   1000.000000 
260   1000.000000 
261   1000.000000 
262   12.750000 
263   1000.000000 
264   1000.000000 
265   1000.000000 
266   1000.000000 
267   1000.000000 
268   1000.000000 
269   13.250000 
270   1000.000000 
271   13.250000 
272   1000.000000 
273   10.750000 
274   14.250000 
275   15.250000 
276   13.250000 
277   13.750000 
278   15.750000 
279   14.750000 
280   13.750000 
281   13.750000 
282   14.750000 
283   15.250000 
284   12.250000 
285   13.750000 
286   14.250000 
287   15.750000 
288   14.750000 
289   14.750000 
290   16.250000 
291   15.750000 
292   15.750000 
293   15.250000 
294   15.750000 
295   16.250000 
296   16.250000 
297   16.250000 
298   15.750000 
299   16.250000 
300   14.250000 
301   15.750000 
302   14.750000 
303   16.750000 
304   15.750000 
305   16.250000 
306   16.250000 
307   17.250000 
308   16.250000 
309   16.750000 
310   16.750000 
311   16.750000 
312   16.750000 
313   17.250000 
314   16.250000 
315   17.250000 
316   16.750000 
317   16.750000 
318   17.250000 
319   17.250000 
320   16.750000 
321   16.750000 
322   16.750000 
323   16.750000 
324   17.250000 
325   17.250000 
326   17.250000 
327   17.250000 
328   17.750000 
329   17.250000 
330   17.250000 
331   17.750000 
332   17.250000 
333   17.750000 
334   15.750000 
335   1000.000000 
336   18.250000 
337   17.750000 
338   19.250000 
339   17.750000 
340   18.250000 
341   17.750000 
342   18.250000 
343   18.750000 
344   19.250000 
345   18.750000 
346   18.250000 
347   18.750000 
348   18.250000 
349   18.750000 
350   18.750000 
351   19.750000 
352   18.750000 
353   19.250000 
354   17.250000 
355   18.250000 
356   18.750000 
357   18.250000 
358   19.250000 
359   18.250000 
360   19.250000 
361   18.750000 
362   18.250000 
363   1000.000000 
364   18.250000 
365   19.250000 
366   19.250000 
367   1000.000000 
368   18.750000 
369   19.750000 
370   19.250000 
371   19.250000 
372   19.750000 
373   19.750000 
374   19.750000 
375   19.250000 
376   19.750000 
377   17.750000 
378   1000.000000 
379   1000.000000 
380   19.750000 
381   1000.000000 
382   20.250000 
383   1000.000000 
384   18.750000 
385   19.750000 
386   43.750000 
387   20.250000 
388   20.250000 
389   20.250000 
390   20.250000 
391   19.750000 
392   20.750000 
393   19.250000 
394   19.250000 
395   19.250000 
396   20.250000 
397   18.750000 
398   19.250000 
399   19.250000 
400   19.750000 
401   47.250000 
402   49.250000 
403   19.750000 
404   19.750000 
405   19.750000 
406   19.750000 
407   19.250000 
408   19.750000 
409   19.250000 
410   19.750000 
411   18.750000 
412   20.250000 
413   18.750000 
414   19.750000 
415   20.250000 
416   19.750000 
417   19.750000 
418   20.250000 
419   19.750000 
420   19.250000 
421   19.250000 
422   19.750000 
423   20.250000 
424   19.750000 
425   19.750000 
426   19.750000 
427   19.250000 
428   19.750000 
429   18.250000 
430   19.250000 
431   19.250000 
432   19.750000 
433   19.250000 
434   20.750000 
435   19.250000 
436   23.750000 
437   18.750000 
438   19.250000 
439   18.250000 
440   19.250000 
441   18.250000 
442   18.250000 
443   18.750000 
444   18.250000 
445   18.250000 
446   18.250000 
447   18.250000 
448   18.250000 
449   18.250000 
450   17.250000 
451   18.250000 
452   17.750000 
453   18.750000 
454   17.750000 
455   17.750000 
456   18.250000 
457   17.750000 
458   16.750000 
459   17.250000 
460   17.250000 
461   17.250000 
462   16.750000 
463   17.250000 
464   17.750000 
465   17.250000 
466   18.250000 
467   16.750000 
468   17.750000 
469   16.250000 
470   17.250000 
471   16.750000 
472   17.250000 
473   16.250000 
474   16.750000 
475   16.250000 
476   16.750000 
477   16.250000 
478   16.250000 
479   16.250000 
480   16.750000 
481   16.250000 
482   16.750000 
483   16.250000 
484   16.250000 
485   16.250000 
486   16.250000 
487   16.750000 
488   16.250000 
489   15.750000 
490   14.250000 
491   14.750000 
492   15.750000 
493   15.250000 
494   14.250000 
495   14.250000 
496   14.250000 
497   14.750000 
498   13.750000 
499   13.250000 
500   14.750000 
501   16.250000 
502   15.250000 
503   13.750000 
504   15.250000 
505   11.750000 
506   14.250000 
507   13.250000 
508   15.750000 
509   13.250000 
510   12.250000 
511   1000.000000 
512   12.250000 
513   12.750000 
514   1000.000000 
515   1000.000000 
516   1000.000000 
517   1000.000000 
518   1000.000000 
519   1000.000000 
520   1000.000000 
521   1000.000000 
522   1000.000000 
523   1000.000000 
524   1000.000000 
525   1000.000000 
526   1000.000000 
527   1000.000000 
528   1000.000000 
529   1000.000000 
530   1000.000000 
531   1000.000000 
532   1000.000000 
533   1000.000000 
534   1000.000000 
535   1000.000000 
536   1000.000000 
537   1000.000000 
538   1000.000000 
539   1000.000000 
540   1000.000000 
541   1000.000000 
542   1000.000000 
543   1000.000000 
544   1000.000000 
545   1000.000000 
546   1000.000000 
547   1000.000000 
548   1000.000000 
