0   1000.000000 
1   18.750000 
2   18.750000 
3   18.750000 
4   18.750000 
5   19.250000 
6   20.750000 
7   19.750000 
8   20.750000 
9   19.750000 
10   18.250000 
11   20.250000 
12   19.250000 
13   20.250000 
14   20.750000 
15   20.750000 
16   20.250000 
17   19.750000 
18   19.750000 
19   19.250000 
20   20.250000 
21   19.250000 
22   20.750000 
23   20.250000 
24   19.750000 
25   20.250000 
26   21.250000 
27   20.250000 
28   20.750000 
29   17.250000 
30   18.750000 
31   18.250000 
32   17.250000 
33   20.250000 
34   20.250000 
35   20.250000 
36   20.250000 
37   21.250000 
38   20.250000 
39   20.750000 
40   20.750000 
41   19.250000 
42   19.750000 
43   19.750000 
44   19.750000 
45   19.750000 
46   19.250000 
47   20.250000 
48   19.250000 
49   19.750000 
50   19.750000 
51   20.750000 
52   20.250000 
53   19.750000 
54   19.750000 
55   20.250000 
56   20.750000 
57   19.750000 
58   20.250000 
59   19.750000 
60   19.250000 
61   18.750000 
62   19.250000 
63   19.250000 
64   19.250000 
65   19.750000 
66   19.750000 
67   19.750000 
68   19.750000 
69   19.750000 
70   20.250000 
71   20.250000 
72   19.750000 
73   19.750000 
74   19.250000 
75   19.750000 
76   19.250000 
77   19.750000 
78   19.750000 
79   20.250000 
80   18.750000 
81   19.250000 
82   19.750000 
83   19.250000 
84   20.250000 
85   20.250000 
86   19.750000 
87   20.250000 
88   19.250000 
89   19.250000 
90   19.750000 
91   19.750000 
92   19.750000 
93   19.750000 
94   19.250000 
95   19.750000 
96   19.250000 
97   19.750000 
98   18.750000 
99   18.750000 
100   19.750000 
101   20.250000 
102   20.250000 
103   15.250000 
104   19.750000 
105   19.750000 
106   17.250000 
107   19.250000 
108   20.250000 
109   18.250000 
110   19.750000 
111   19.750000 
112   19.750000 
113   19.250000 
114   19.250000 
115   19.750000 
116   19.750000 
117   19.250000 
118   20.250000 
119   19.750000 
120   19.750000 
121   20.250000 
122   19.750000 
123   19.250000 
124   19.750000 
125   19.750000 
126   20.250000 
127   19.750000 
128   19.250000 
129   18.750000 
130   19.250000 
131   18.750000 
132   19.750000 
133   18.750000 
134   19.250000 
135   18.750000 
136   18.750000 
137   19.250000 
138   19.750000 
139   19.750000 
140   19.250000 
141   18.750000 
142   19.250000 
143   19.250000 
144   19.250000 
145   18.250000 
146   19.250000 
147   19.250000 
148   18.750000 
149   19.750000 
150   19.750000 
151   19.750000 
152   19.750000 
153   19.750000 
154   19.750000 
155   19.250000 
156   19.750000 
157   18.750000 
158   19.250000 
159   19.250000 
160   19.250000 
161   18.750000 
162   19.250000 
163   19.250000 
164   19.750000 
165   20.250000 
166   20.250000 
167   20.250000 
168   19.750000 
169   20.250000 
170   20.750000 
171   20.250000 
172   20.750000 
173   20.750000 
174   20.250000 
175   19.750000 
176   19.750000 
177   18.750000 
178   20.250000 
179   20.250000 
180   19.750000 
181   19.250000 
182   19.750000 
183   19.250000 
184   19.250000 
185   19.250000 
186   19.750000 
187   19.250000 
188   19.250000 
189   18.750000 
190   19.750000 
191   19.250000 
192   19.250000 
193   19.250000 
194   19.250000 
195   18.750000 
196   18.250000 
197   19.250000 
198   19.250000 
199   19.750000 
200   20.250000 
201   20.250000 
202   19.750000 
203   20.750000 
204   19.750000 
205   19.750000 
206   19.750000 
207   19.250000 
208   19.750000 
209   19.250000 
210   19.750000 
211   19.250000 
212   19.250000 
213   20.250000 
214   19.750000 
215   19.750000 
216   19.750000 
217   20.750000 
218   19.750000 
219   20.750000 
220   20.250000 
221   19.250000 
222   19.250000 
223   18.750000 
224   19.750000 
225   19.250000 
226   19.250000 
227   19.750000 
228   18.750000 
229   19.250000 
230   19.250000 
231   19.250000 
232   18.750000 
233   20.250000 
234   19.250000 
235   20.250000 
236   20.250000 
237   18.250000 
238   19.750000 
239   20.250000 
240   19.750000 
241   19.250000 
242   19.250000 
243   19.250000 
244   19.250000 
245   21.250000 
246   21.250000 
247   20.250000 
248   20.250000 
249   20.250000 
250   20.750000 
251   20.750000 
252   20.250000 
253   19.750000 
254   19.750000 
255   19.750000 
256   19.750000 
257   19.750000 
258   19.750000 
259   19.750000 
260   19.250000 
261   20.250000 
262   19.250000 
263   19.250000 
264   19.250000 
265   19.250000 
266   20.250000 
267   19.250000 
268   20.750000 
269   19.750000 
270   20.250000 
271   20.250000 
272   20.250000 
273   19.750000 
274   20.250000 
275   20.250000 
276   19.750000 
277   19.750000 
278   20.250000 
279   19.750000 
280   19.750000 
281   19.250000 
282   20.750000 
283   19.750000 
284   19.250000 
285   20.250000 
286   20.250000 
287   20.250000 
288   19.750000 
289   19.250000 
290   19.750000 
291   19.250000 
292   19.250000 
293   19.250000 
294   20.250000 
295   19.250000 
296   19.750000 
297   20.250000 
298   20.250000 
299   20.250000 
300   19.750000 
301   19.750000 
302   20.250000 
303   19.750000 
304   20.250000 
305   20.750000 
306   19.750000 
307   19.750000 
308   20.250000 
309   20.750000 
310   19.750000 
311   21.250000 
312   19.250000 
313   20.250000 
314   20.250000 
315   19.750000 
316   19.750000 
317   18.750000 
318   19.250000 
319   18.750000 
320   19.250000 
321   18.250000 
322   18.750000 
323   18.750000 
324   18.250000 
325   19.250000 
326   19.250000 
327   19.250000 
328   19.250000 
329   20.250000 
330   20.250000 
331   19.750000 
332   19.250000 
333   19.750000 
334   19.750000 
335   19.750000 
336   19.250000 
337   19.750000 
338   20.750000 
339   19.750000 
340   19.250000 
341   18.750000 
342   19.750000 
343   18.750000 
344   19.250000 
345   20.250000 
346   19.250000 
347   20.750000 
348   20.250000 
349   19.250000 
350   19.750000 
351   20.250000 
352   19.750000 
353   18.250000 
354   19.250000 
355   20.250000 
356   19.750000 
357   19.750000 
358   20.250000 
359   19.750000 
360   18.250000 
361   20.750000 
362   20.750000 
363   21.250000 
364   21.250000 
365   19.250000 
366   19.750000 
367   19.750000 
368   19.250000 
369   19.250000 
370   19.750000 
371   19.750000 
372   19.750000 
373   19.750000 
374   19.750000 
375   19.750000 
376   19.250000 
377   19.750000 
378   18.750000 
379   20.250000 
380   19.250000 
381   19.750000 
382   19.250000 
383   19.750000 
384   18.750000 
385   19.750000 
386   18.250000 
387   18.750000 
388   18.750000 
389   19.250000 
390   19.750000 
391   20.250000 
392   19.750000 
393   20.750000 
394   20.250000 
395   20.250000 
396   20.250000 
397   20.250000 
398   20.750000 
399   20.750000 
400   20.250000 
401   18.750000 
402   19.250000 
403   19.250000 
404   19.250000 
405   20.250000 
406   20.750000 
407   20.250000 
408   19.750000 
409   19.750000 
410   20.250000 
411   20.250000 
412   19.250000 
413   20.750000 
414   21.750000 
415   20.250000 
416   21.250000 
417   20.250000 
418   20.250000 
419   20.750000 
420   19.750000 
421   19.750000 
422   20.250000 
423   20.250000 
424   19.750000 
425   19.750000 
426   20.750000 
427   20.250000 
428   19.750000 
429   19.250000 
430   19.750000 
431   19.750000 
432   19.250000 
433   20.250000 
434   20.250000 
435   20.250000 
436   19.750000 
437   19.750000 
438   19.750000 
439   20.250000 
440   19.750000 
441   20.750000 
442   20.250000 
443   19.750000 
444   20.250000 
445   19.750000 
446   19.250000 
447   19.250000 
448   18.750000 
449   18.750000 
450   19.250000 
451   18.750000 
452   19.250000 
453   19.250000 
454   19.250000 
455   19.250000 
456   18.750000 
457   20.750000 
458   19.750000 
459   1000.000000 
460   20.250000 
461   19.250000 
462   19.250000 
463   19.250000 
464   19.250000 
465   18.250000 
466   18.750000 
467   19.250000 
468   18.250000 
469   19.750000 
470   20.250000 
471   20.250000 
472   20.250000 
473   19.750000 
474   19.750000 
475   19.750000 
476   19.250000 
477   20.250000 
478   20.750000 
479   20.250000 
480   20.750000 
481   19.750000 
482   19.750000 
483   19.750000 
484   20.250000 
485   18.750000 
486   19.250000 
487   19.250000 
488   19.250000 
489   19.750000 
490   19.750000 
491   19.750000 
492   19.250000 
493   19.750000 
494   20.250000 
495   20.250000 
496   19.750000 
497   18.750000 
498   19.750000 
499   19.250000 
500   19.750000 
501   20.250000 
502   20.250000 
503   19.750000 
504   19.750000 
505   20.250000 
506   20.250000 
507   20.250000 
508   20.250000 
509   19.250000 
510   19.250000 
511   19.750000 
512   18.750000 
513   18.750000 
514   19.250000 
515   19.250000 
516   18.250000 
517   19.250000 
518   19.750000 
519   19.250000 
520   19.250000 
521   19.250000 
522   19.250000 
523   19.750000 
524   19.750000 
525   19.250000 
526   20.250000 
527   19.750000 
528   19.250000 
529   19.250000 
530   19.750000 
531   19.250000 
532   19.250000 
533   19.750000 
534   20.250000 
535   20.750000 
536   20.250000 
537   20.250000 
538   20.750000 
539   20.250000 
540   20.250000 
541   20.750000 
542   21.250000 
543   19.750000 
544   19.750000 
545   19.250000 
546   19.750000 
547   19.750000 
548   19.250000 
549   19.750000 
550   20.250000 
551   20.250000 
552   20.250000 
553   19.250000 
554   20.250000 
555   20.750000 
556   19.750000 
557   18.750000 
558   19.750000 
559   19.750000 
560   20.250000 
561   19.250000 
562   19.250000 
563   19.750000 
564   18.750000 
565   19.750000 
566   20.250000 
567   19.750000 
568   19.750000 
569   18.750000 
570   19.750000 
571   20.250000 
572   19.750000 
573   18.750000 
574   18.750000 
575   18.750000 
576   19.250000 
577   19.250000 
578   19.250000 
579   19.250000 
580   19.250000 
581   20.250000 
582   20.750000 
583   20.250000 
584   20.250000 
585   19.750000 
586   19.750000 
587   19.750000 
588   19.750000 
589   19.750000 
590   20.250000 
591   20.250000 
592   20.250000 
593   19.250000 
594   20.250000 
595   19.750000 
596   19.250000 
597   20.250000 
598   20.250000 
599   20.250000 
600   20.750000 
601   19.750000 
602   20.250000 
603   20.250000 
604   20.250000 
605   19.750000 
606   20.750000 
607   20.250000 
608   20.250000 
609   20.750000 
610   20.250000 
611   20.750000 
612   20.750000 
613   19.250000 
614   20.250000 
615   20.750000 
616   20.250000 
617   19.250000 
618   19.250000 
619   19.750000 
620   19.250000 
621   19.250000 
622   19.750000 
623   19.250000 
624   19.750000 
625   19.750000 
626   20.250000 
627   15.250000 
628   20.250000 
629   19.750000 
630   20.250000 
631   20.250000 
632   19.750000 
633   19.750000 
634   19.750000 
635   20.250000 
636   20.250000 
637   18.250000 
638   18.750000 
639   18.750000 
640   18.750000 
641   18.250000 
642   18.750000 
643   18.750000 
644   19.250000 
645   18.750000 
646   19.750000 
647   19.250000 
648   18.750000 
649   19.250000 
650   19.750000 
651   18.750000 
652   19.250000 
653   18.750000 
654   19.750000 
655   19.750000 
656   19.750000 
657   18.250000 
658   18.750000 
659   19.250000 
660   19.250000 
661   19.750000 
662   19.750000 
663   19.750000 
664   19.750000 
665   18.750000 
666   13.250000 
667   19.750000 
668   19.750000 
669   18.250000 
670   19.250000 
671   17.250000 
672   19.250000 
673   19.250000 
674   19.750000 
675   18.250000 
676   19.750000 
677   19.250000 
678   19.750000 
679   18.250000 
680   19.750000 
681   19.250000 
682   20.750000 
683   20.750000 
684   19.750000 
685   19.250000 
686   20.250000 
687   20.250000 
688   19.750000 
689   19.250000 
690   20.250000 
691   19.750000 
692   20.250000 
693   18.250000 
694   19.250000 
695   18.750000 
696   19.250000 
697   20.250000 
698   19.750000 
699   18.750000 
700   19.250000 
701   18.750000 
702   19.250000 
703   18.750000 
704   19.750000 
705   18.250000 
706   18.250000 
707   18.250000 
708   18.750000 
709   19.250000 
710   19.250000 
711   19.250000 
712   20.250000 
713   20.250000 
714   20.250000 
715   19.750000 
716   19.750000 
717   18.750000 
718   19.750000 
719   19.750000 
720   19.750000 
721   18.250000 
722   19.250000 
723   19.250000 
724   18.750000 
725   19.750000 
726   20.250000 
727   19.750000 
728   19.250000 
729   19.250000 
730   19.750000 
731   19.250000 
732   19.250000 
733   19.750000 
734   19.750000 
735   19.750000 
736   20.250000 
737   19.250000 
738   19.250000 
739   19.250000 
740   19.250000 
741   17.750000 
742   19.250000 
743   19.750000 
744   19.750000 
745   19.750000 
746   19.250000 
747   19.250000 
748   20.250000 
749   19.250000 
750   19.250000 
751   19.250000 
752   19.750000 
753   18.750000 
754   19.750000 
755   20.250000 
756   19.250000 
757   19.750000 
758   19.750000 
759   19.750000 
760   20.250000 
761   19.750000 
762   20.250000 
763   20.250000 
764   20.750000 
765   18.750000 
766   19.250000 
767   19.250000 
768   19.250000 
769   18.250000 
770   18.250000 
771   19.250000 
772   19.250000 
773   18.250000 
774   19.250000 
775   19.250000 
776   19.250000 
777   19.250000 
778   19.750000 
779   19.250000 
780   19.750000 
781   19.250000 
782   20.250000 
783   19.750000 
784   19.750000 
785   18.750000 
786   19.250000 
787   19.750000 
788   19.750000 
789   19.250000 
790   20.250000 
791   20.250000 
792   19.250000 
793   19.750000 
794   20.250000 
795   20.250000 
796   19.750000 
797   18.750000 
798   20.250000 
799   19.750000 
800   19.750000 
801   18.750000 
802   19.750000 
803   19.250000 
804   19.750000 
805   19.250000 
806   19.750000 
807   19.750000 
808   19.750000 
809   20.250000 
810   20.750000 
811   20.750000 
812   20.250000 
813   20.250000 
814   20.250000 
815   20.250000 
816   20.250000 
817   20.250000 
818   20.750000 
819   19.750000 
820   19.750000 
821   19.750000 
822   20.250000 
823   19.750000 
824   20.750000 
825   19.250000 
826   20.250000 
827   19.250000 
828   19.750000 
829   18.750000 
830   19.250000 
831   19.250000 
832   19.250000 
833   16.250000 
834   17.750000 
835   18.250000 
836   18.250000 
837   18.750000 
838   19.250000 
839   19.250000 
840   19.750000 
841   19.250000 
842   20.250000 
843   19.750000 
844   20.250000 
845   19.250000 
846   20.250000 
847   20.250000 
848   19.250000 
849   18.750000 
850   19.250000 
851   18.750000 
852   19.750000 
853   19.250000 
854   19.250000 
855   19.750000 
856   20.250000 
857   20.250000 
858   20.750000 
859   20.750000 
860   21.250000 
861   20.250000 
862   20.250000 
863   20.750000 
864   20.750000 
865   20.250000 
866   21.250000 
867   20.750000 
868   20.250000 
869   19.750000 
870   20.250000 
871   20.250000 
872   20.250000 
873   20.250000 
874   21.250000 
875   21.250000 
876   21.750000 
877   20.250000 
878   20.750000 
879   20.750000 
880   20.250000 
881   19.750000 
882   20.250000 
883   19.750000 
884   20.250000 
885   20.250000 
886   18.750000 
887   20.750000 
888   21.250000 
889   19.750000 
890   20.250000 
891   20.250000 
892   20.250000 
893   20.750000 
894   21.250000 
895   21.250000 
896   21.750000 
897   18.750000 
898   19.250000 
899   18.750000 
900   19.250000 
901   20.250000 
902   20.750000 
903   20.750000 
904   21.250000 
905   20.750000 
906   21.750000 
907   21.250000 
908   21.750000 
909   21.250000 
910   21.250000 
911   21.250000 
912   21.250000 
913   19.750000 
914   20.250000 
915   20.250000 
916   20.250000 
917   21.250000 
918   21.250000 
919   21.250000 
920   21.250000 
921   20.750000 
922   21.750000 
923   21.250000 
924   21.250000 
925   21.250000 
926   22.250000 
927   22.750000 
928   23.250000 
929   20.750000 
930   21.250000 
931   21.250000 
932   21.250000 
933   20.750000 
934   21.250000 
935   21.250000 
936   21.250000 
937   20.750000 
938   21.250000 
939   20.750000 
940   21.250000 
941   20.750000 
942   21.250000 
943   20.750000 
944   21.250000 
945   20.750000 
946   21.250000 
947   20.750000 
948   21.250000 
949   20.750000 
950   21.250000 
951   20.750000 
952   21.250000 
953   20.750000 
954   21.250000 
955   20.750000 
956   21.750000 
957   21.250000 
958   21.750000 
959   21.750000 
960   22.250000 
961   19.750000 
962   19.750000 
963   19.750000 
964   19.750000 
965   21.250000 
966   21.750000 
967   21.750000 
968   21.750000 
969   21.750000 
970   21.750000 
971   21.250000 
972   22.750000 
973   22.250000 
974   22.750000 
975   22.250000 
976   22.750000 
977   21.250000 
978   22.250000 
979   22.250000 
980   21.750000 
981   21.750000 
982   22.250000 
983   21.750000 
984   23.250000 
985   21.750000 
986   22.250000 
987   21.750000 
988   22.250000 
989   22.250000 
990   22.750000 
991   23.250000 
992   23.750000 
993   20.750000 
994   22.250000 
995   22.250000 
996   22.750000 
997   22.250000 
998   22.250000 
999   22.250000 
1000   23.250000 
1001   21.250000 
1002   22.750000 
1003   23.250000 
1004   23.250000 
1005   23.250000 
1006   22.250000 
1007   23.250000 
1008   22.250000 
1009   20.750000 
1010   22.250000 
1011   22.250000 
1012   21.250000 
1013   23.250000 
1014   23.250000 
1015   23.250000 
1016   23.750000 
1017   23.750000 
1018   24.250000 
1019   22.750000 
1020   23.250000 
1021   21.250000 
1022   21.250000 
1023   22.250000 
1024   22.750000 
1025   1000.000000 
1026   1000.000000 
1027   1000.000000 
1028   1000.000000 
1029   1000.000000 
1030   1000.000000 
1031   1000.000000 
1032   1000.000000 
1033   1000.000000 
1034   1000.000000 
1035   1000.000000 
1036   1000.000000 
1037   1000.000000 
1038   1000.000000 
1039   1000.000000 
1040   1000.000000 
1041   1000.000000 
1042   1000.000000 
1043   1000.000000 
1044   1000.000000 
1045   1000.000000 
1046   1000.000000 
1047   1000.000000 
1048   1000.000000 
1049   1000.000000 
1050   1000.000000 
1051   1000.000000 
1052   1000.000000 
1053   1000.000000 
1054   1000.000000 
1055   1000.000000 
1056   1000.000000 
1057   1000.000000 
1058   1000.000000 
1059   1000.000000 
1060   1000.000000 
1061   1000.000000 
1062   1000.000000 
1063   1000.000000 
1064   1000.000000 
1065   1000.000000 
1066   1000.000000 
1067   1000.000000 
1068   1000.000000 
1069   1000.000000 
1070   1000.000000 
1071   1000.000000 
1072   1000.000000 
1073   1000.000000 
1074   1000.000000 
1075   1000.000000 
1076   1000.000000 
1077   1000.000000 
1078   1000.000000 
1079   1000.000000 
1080   1000.000000 
1081   1000.000000 
1082   1000.000000 
1083   1000.000000 
1084   1000.000000 
1085   1000.000000 
1086   1000.000000 
1087   1000.000000 
1088   1000.000000 
1089   1000.000000 
1090   1000.000000 
1091   1000.000000 
1092   1000.000000 
1093   1000.000000 
1094   1000.000000 
1095   1000.000000 
1096   1000.000000 
1097   1000.000000 
1098   1000.000000 
1099   1000.000000 
1100   1000.000000 
1101   1000.000000 
1102   1000.000000 
1103   1000.000000 
1104   1000.000000 
1105   1000.000000 
1106   1000.000000 
1107   1000.000000 
1108   1000.000000 
1109   1000.000000 
1110   1000.000000 
1111   1000.000000 
1112   1000.000000 
1113   1000.000000 
1114   1000.000000 
1115   1000.000000 
1116   1000.000000 
1117   1000.000000 
1118   1000.000000 
1119   1000.000000 
1120   1000.000000 
1121   1000.000000 
1122   1000.000000 
1123   1000.000000 
1124   1000.000000 
1125   1000.000000 
1126   1000.000000 
1127   1000.000000 
1128   1000.000000 
1129   1000.000000 
1130   1000.000000 
1131   1000.000000 
1132   1000.000000 
1133   1000.000000 
1134   1000.000000 
1135   1000.000000 
1136   1000.000000 
1137   1000.000000 
1138   1000.000000 
1139   1000.000000 
1140   1000.000000 
1141   1000.000000 
1142   1000.000000 
1143   1000.000000 
1144   1000.000000 
1145   1000.000000 
1146   1000.000000 
1147   1000.000000 
1148   1000.000000 
1149   1000.000000 
1150   1000.000000 
1151   1000.000000 
1152   1000.000000 
1153   1000.000000 
1154   1000.000000 
1155   1000.000000 
1156   1000.000000 
1157   1000.000000 
1158   1000.000000 
1159   1000.000000 
1160   1000.000000 
1161   1000.000000 
1162   1000.000000 
1163   1000.000000 
1164   1000.000000 
1165   1000.000000 
1166   1000.000000 
1167   1000.000000 
1168   1000.000000 
1169   1000.000000 
1170   1000.000000 
1171   1000.000000 
1172   1000.000000 
1173   1000.000000 
1174   1000.000000 
1175   1000.000000 
1176   1000.000000 
1177   1000.000000 
1178   1000.000000 
1179   1000.000000 
1180   1000.000000 
1181   1000.000000 
1182   1000.000000 
1183   1000.000000 
1184   1000.000000 
1185   1000.000000 
1186   1000.000000 
1187   1000.000000 
1188   1000.000000 
1189   1000.000000 
1190   1000.000000 
1191   1000.000000 
1192   1000.000000 
1193   1000.000000 
1194   1000.000000 
1195   1000.000000 
1196   1000.000000 
1197   1000.000000 
1198   1000.000000 
