0   1000.000000 
1   1000.000000 
2   1000.000000 
3   1000.000000 
4   1000.000000 
5   1000.000000 
6   1000.000000 
7   1000.000000 
8   1000.000000 
9   1000.000000 
10   1000.000000 
11   1000.000000 
12   1000.000000 
13   1000.000000 
14   1000.000000 
15   1000.000000 
16   1000.000000 
17   1000.000000 
18   1000.000000 
19   1000.000000 
20   1000.000000 
21   1000.000000 
22   1000.000000 
23   1000.000000 
24   1000.000000 
25   1000.000000 
26   1000.000000 
27   1000.000000 
28   1000.000000 
29   1000.000000 
30   1000.000000 
31   1000.000000 
32   1000.000000 
33   1000.000000 
34   1000.000000 
35   1000.000000 
36   1000.000000 
37   1000.000000 
38   1000.000000 
39   1000.000000 
40   1000.000000 
41   1000.000000 
42   1000.000000 
43   1000.000000 
44   1000.000000 
45   1000.000000 
46   1000.000000 
47   1000.000000 
48   1000.000000 
49   1000.000000 
50   1000.000000 
51   1000.000000 
52   1000.000000 
53   1000.000000 
54   1000.000000 
55   1000.000000 
56   1000.000000 
57   1000.000000 
58   1000.000000 
59   1000.000000 
60   1000.000000 
61   16.750000 
62   16.250000 
63   16.750000 
64   16.250000 
65   15.250000 
66   16.250000 
67   17.250000 
68   15.750000 
69   1000.000000 
70   1000.000000 
71   1000.000000 
72   1000.000000 
73   1000.000000 
74   1000.000000 
75   1000.000000 
76   1000.000000 
77   1000.000000 
78   1000.000000 
79   1000.000000 
80   1000.000000 
81   1000.000000 
82   1000.000000 
83   1000.000000 
84   1000.000000 
85   1000.000000 
86   1000.000000 
87   1000.000000 
88   1000.000000 
89   14.250000 
90   14.750000 
91   1000.000000 
92   1000.000000 
93   1000.000000 
94   1000.000000 
95   1000.000000 
96   1000.000000 
97   1000.000000 
98   1000.000000 
99   1000.000000 
100   1000.000000 
101   1000.000000 
102   1000.000000 
103   1000.000000 
104   1000.000000 
105   1000.000000 
106   1000.000000 
107   1000.000000 
108   1000.000000 
109   1000.000000 
110   1000.000000 
111   14.250000 
112   15.250000 
113   1000.000000 
114   1000.000000 
115   1000.000000 
116   1000.000000 
117   1000.000000 
118   1000.000000 
119   1000.000000 
120   14.750000 
121   1000.000000 
122   1000.000000 
123   1000.000000 
124   1000.000000 
125   16.750000 
126   16.250000 
127   16.750000 
128   16.250000 
129   17.250000 
130   16.750000 
131   16.750000 
132   16.750000 
133   14.750000 
134   1000.000000 
135   15.750000 
136   15.750000 
137   16.750000 
138   17.250000 
139   16.750000 
140   16.750000 
141   14.750000 
142   14.250000 
143   14.750000 
144   15.750000 
145   15.750000 
146   16.250000 
147   16.250000 
148   15.750000 
149   15.250000 
150   14.750000 
151   1000.000000 
152   15.250000 
153   16.250000 
154   16.750000 
155   16.750000 
156   16.250000 
157   16.250000 
158   16.250000 
159   16.750000 
160   16.250000 
161   14.750000 
162   14.750000 
163   14.750000 
164   14.750000 
165   16.250000 
166   16.250000 
167   15.250000 
168   17.250000 
169   16.750000 
170   16.750000 
171   16.750000 
172   16.250000 
173   18.250000 
174   19.250000 
175   17.250000 
176   19.750000 
177   18.250000 
178   13.750000 
179   20.750000 
180   18.750000 
181   20.250000 
182   20.750000 
183   19.750000 
184   20.750000 
185   19.250000 
186   18.250000 
187   20.250000 
188   19.750000 
189   21.250000 
190   21.250000 
191   21.750000 
192   20.750000 
193   21.250000 
194   21.250000 
195   21.250000 
196   21.250000 
197   20.750000 
198   21.250000 
199   19.750000 
200   20.750000 
201   21.750000 
202   21.750000 
203   21.750000 
204   21.750000 
205   21.750000 
206   21.750000 
207   22.250000 
208   21.750000 
209   22.250000 
210   22.250000 
211   22.750000 
212   22.250000 
213   22.750000 
214   22.250000 
215   23.250000 
216   22.750000 
217   23.250000 
218   22.750000 
219   23.250000 
220   22.750000 
221   23.250000 
222   23.250000 
223   23.750000 
224   22.750000 
225   22.250000 
226   22.250000 
227   22.250000 
228   22.250000 
229   22.750000 
230   22.750000 
231   23.750000 
232   23.250000 
233   22.750000 
234   22.750000 
235   23.250000 
236   22.250000 
237   23.750000 
238   24.250000 
239   24.750000 
240   23.750000 
241   29.250000 
242   28.250000 
243   29.750000 
244   29.250000 
245   23.250000 
246   23.750000 
247   23.750000 
248   23.750000 
249   24.250000 
250   24.250000 
251   24.750000 
252   23.750000 
253   24.750000 
254   24.750000 
255   25.250000 
256   24.750000 
257   24.250000 
258   23.750000 
259   24.250000 
260   24.250000 
261   23.750000 
262   23.750000 
263   24.250000 
264   23.250000 
265   23.750000 
266   23.750000 
267   24.250000 
268   23.750000 
269   23.750000 
270   23.750000 
271   24.250000 
272   23.750000 
273   23.750000 
274   24.250000 
275   24.250000 
276   23.750000 
277   24.250000 
278   24.250000 
279   24.750000 
280   24.250000 
281   25.250000 
282   24.750000 
283   25.250000 
284   24.750000 
285   24.250000 
286   24.250000 
287   24.250000 
288   23.250000 
289   23.250000 
290   22.250000 
291   23.750000 
292   23.250000 
293   24.750000 
294   24.750000 
295   24.750000 
296   24.750000 
297   24.750000 
298   24.250000 
299   24.250000 
300   24.250000 
301   25.250000 
302   25.250000 
303   25.750000 
304   23.750000 
305   23.750000 
306   23.750000 
307   23.250000 
308   23.250000 
309   24.750000 
310   24.750000 
311   23.250000 
312   24.750000 
313   25.250000 
314   24.750000 
315   24.750000 
316   24.750000 
317   28.250000 
318   28.250000 
319   28.250000 
320   27.750000 
321   26.750000 
322   26.250000 
323   26.750000 
324   26.250000 
325   23.250000 
326   23.750000 
327   24.750000 
328   23.750000 
329   26.250000 
330   25.750000 
331   26.250000 
332   25.750000 
333   24.750000 
334   24.750000 
335   24.750000 
336   24.250000 
337   24.750000 
338   24.250000 
339   24.750000 
340   24.250000 
341   24.750000 
342   25.750000 
343   25.750000 
344   25.250000 
345   25.250000 
346   25.750000 
347   25.750000 
348   24.750000 
349   25.250000 
350   25.250000 
351   24.750000 
352   25.250000 
353   23.250000 
354   24.250000 
355   24.250000 
356   23.750000 
357   25.250000 
358   25.250000 
359   25.250000 
360   24.750000 
361   24.750000 
362   24.750000 
363   24.750000 
364   24.750000 
365   25.750000 
366   24.750000 
367   26.250000 
368   24.750000 
369   24.250000 
370   24.250000 
371   24.250000 
372   23.750000 
373   25.250000 
374   25.250000 
375   25.750000 
376   25.250000 
377   24.750000 
378   24.750000 
379   25.250000 
380   24.750000 
381   126.750000 
382   128.250000 
383   129.250000 
384   129.750000 
385   24.750000 
386   24.750000 
387   24.750000 
388   24.250000 
389   23.750000 
390   23.750000 
391   23.750000 
392   22.750000 
393   25.250000 
394   24.750000 
395   24.750000 
396   24.750000 
397   24.250000 
398   23.750000 
399   23.750000 
400   23.250000 
401   24.750000 
402   24.750000 
403   24.750000 
404   24.250000 
405   25.250000 
406   24.750000 
407   24.750000 
408   24.250000 
409   25.750000 
410   25.250000 
411   25.750000 
412   25.250000 
413   25.250000 
414   24.750000 
415   25.250000 
416   24.250000 
417   22.750000 
418   22.750000 
419   23.250000 
420   22.250000 
421   24.250000 
422   24.250000 
423   24.750000 
424   23.750000 
425   23.750000 
426   23.750000 
427   23.750000 
428   23.250000 
429   29.250000 
430   29.750000 
431   30.250000 
432   29.750000 
433   23.250000 
434   23.250000 
435   23.250000 
436   22.750000 
437   24.750000 
438   24.750000 
439   25.250000 
440   24.250000 
441   24.250000 
442   23.750000 
443   24.750000 
444   23.750000 
445   27.250000 
446   26.750000 
447   26.750000 
448   26.250000 
449   25.250000 
450   25.250000 
451   25.250000 
452   25.250000 
453   23.750000 
454   23.750000 
455   23.750000 
456   23.750000 
457   24.250000 
458   24.250000 
459   24.250000 
460   24.250000 
461   24.250000 
462   24.250000 
463   24.250000 
464   23.750000 
465   23.750000 
466   23.750000 
467   23.250000 
468   22.750000 
469   23.250000 
470   23.250000 
471   23.250000 
472   22.750000 
473   23.750000 
474   23.250000 
475   23.750000 
476   23.250000 
477   22.750000 
478   22.750000 
479   23.250000 
480   22.750000 
481   22.250000 
482   22.750000 
483   22.250000 
484   21.750000 
485   23.750000 
486   23.250000 
487   23.250000 
488   22.750000 
489   22.750000 
490   22.750000 
491   22.750000 
492   22.250000 
493   22.750000 
494   22.750000 
495   23.250000 
496   22.250000 
497   21.750000 
498   21.750000 
499   21.750000 
500   20.750000 
501   21.250000 
502   20.750000 
503   21.250000 
504   20.750000 
505   20.750000 
506   17.750000 
507   20.750000 
508   19.750000 
509   25.750000 
510   23.750000 
511   24.750000 
512   24.250000 
513   17.250000 
514   16.750000 
515   17.750000 
516   16.750000 
517   17.750000 
518   17.750000 
519   18.250000 
520   17.250000 
521   17.250000 
522   18.750000 
523   18.750000 
524   17.750000 
525   20.750000 
526   20.250000 
527   20.750000 
528   20.250000 
529   18.750000 
530   18.750000 
531   18.250000 
532   17.250000 
533   17.250000 
534   16.750000 
535   17.750000 
536   17.250000 
537   20.250000 
538   17.750000 
539   20.250000 
540   18.250000 
541   17.750000 
542   19.750000 
543   20.250000 
544   20.250000 
545   16.250000 
546   15.250000 
547   1000.000000 
548   15.250000 
549   17.750000 
550   16.750000 
551   17.750000 
552   16.250000 
553   16.750000 
554   15.750000 
555   15.750000 
556   17.250000 
557   17.250000 
558   17.750000 
559   18.750000 
560   17.750000 
561   1000.000000 
562   1000.000000 
563   1000.000000 
564   1000.000000 
565   16.750000 
566   16.250000 
567   15.750000 
568   16.250000 
569   1000.000000 
570   1000.000000 
571   1000.000000 
572   1000.000000 
573   1000.000000 
574   1000.000000 
575   1000.000000 
576   1000.000000 
577   1000.000000 
578   15.250000 
579   1000.000000 
580   1000.000000 
581   1000.000000 
582   1000.000000 
583   1000.000000 
584   1000.000000 
585   1000.000000 
586   1000.000000 
587   1000.000000 
588   1000.000000 
589   1000.000000 
590   1000.000000 
591   1000.000000 
592   1000.000000 
593   1000.000000 
594   1000.000000 
595   1000.000000 
596   1000.000000 
597   1000.000000 
598   1000.000000 
599   1000.000000 
600   1000.000000 
601   1000.000000 
602   1000.000000 
603   1000.000000 
604   1000.000000 
605   1000.000000 
606   1000.000000 
607   1000.000000 
608   1000.000000 
609   1000.000000 
610   1000.000000 
611   1000.000000 
612   1000.000000 
613   1000.000000 
614   1000.000000 
615   1000.000000 
616   1000.000000 
617   1000.000000 
618   1000.000000 
619   1000.000000 
620   1000.000000 
621   1000.000000 
622   1000.000000 
623   1000.000000 
624   1000.000000 
625   1000.000000 
626   1000.000000 
627   1000.000000 
628   1000.000000 
629   1000.000000 
630   1000.000000 
631   1000.000000 
632   1000.000000 
633   1000.000000 
634   1000.000000 
635   1000.000000 
636   1000.000000 
637   1000.000000 
638   1000.000000 
639   1000.000000 
640   1000.000000 
641   1000.000000 
642   1000.000000 
643   1000.000000 
644   1000.000000 
645   1000.000000 
646   1000.000000 
647   1000.000000 
648   1000.000000 
649   1000.000000 
650   1000.000000 
651   1000.000000 
652   1000.000000 
653   1000.000000 
654   1000.000000 
655   1000.000000 
656   1000.000000 
657   1000.000000 
658   1000.000000 
659   1000.000000 
660   1000.000000 
661   1000.000000 
662   1000.000000 
663   1000.000000 
664   1000.000000 
665   1000.000000 
666   1000.000000 
667   1000.000000 
668   1000.000000 
669   1000.000000 
670   1000.000000 
671   1000.000000 
672   1000.000000 
673   1000.000000 
674   1000.000000 
675   1000.000000 
676   1000.000000 
677   1000.000000 
678   1000.000000 
679   1000.000000 
680   1000.000000 
681   1000.000000 
682   1000.000000 
683   1000.000000 
684   1000.000000 
685   15.250000 
686   15.250000 
687   14.250000 
688   14.250000 
689   1000.000000 
690   1000.000000 
691   1000.000000 
692   1000.000000 
693   1000.000000 
694   1000.000000 
695   1000.000000 
696   1000.000000 
697   1000.000000 
698   1000.000000 
699   1000.000000 
700   1000.000000 
701   17.250000 
702   16.750000 
703   17.250000 
704   16.750000 
705   1000.000000 
706   1000.000000 
707   1000.000000 
708   1000.000000 
709   1000.000000 
710   1000.000000 
711   1000.000000 
712   1000.000000 
713   1000.000000 
714   1000.000000 
715   1000.000000 
716   1000.000000 
717   1000.000000 
718   1000.000000 
719   1000.000000 
720   1000.000000 
721   1000.000000 
722   1000.000000 
723   1000.000000 
724   1000.000000 
725   1000.000000 
726   1000.000000 
727   1000.000000 
728   1000.000000 
729   1000.000000 
730   1000.000000 
731   1000.000000 
732   1000.000000 
733   1000.000000 
734   1000.000000 
735   1000.000000 
736   1000.000000 
737   1000.000000 
738   1000.000000 
739   1000.000000 
740   1000.000000 
741   1000.000000 
742   1000.000000 
743   1000.000000 
744   1000.000000 
745   1000.000000 
746   1000.000000 
747   1000.000000 
748   1000.000000 
749   1000.000000 
750   1000.000000 
751   1000.000000 
752   1000.000000 
753   1000.000000 
754   1000.000000 
755   1000.000000 
756   1000.000000 
757   1000.000000 
758   1000.000000 
759   1000.000000 
760   1000.000000 
761   1000.000000 
762   1000.000000 
763   1000.000000 
764   1000.000000 
765   15.750000 
766   16.250000 
767   15.250000 
768   14.750000 
769   1000.000000 
770   1000.000000 
771   1000.000000 
772   1000.000000 
773   1000.000000 
774   1000.000000 
775   1000.000000 
776   1000.000000 
777   1000.000000 
778   1000.000000 
779   1000.000000 
780   1000.000000 
781   1000.000000 
782   1000.000000 
783   1000.000000 
784   1000.000000 
785   1000.000000 
786   1000.000000 
787   1000.000000 
788   1000.000000 
789   1000.000000 
790   1000.000000 
791   1000.000000 
792   1000.000000 
793   1000.000000 
794   1000.000000 
795   1000.000000 
796   1000.000000 
797   1000.000000 
798   1000.000000 
799   1000.000000 
800   1000.000000 
801   1000.000000 
802   1000.000000 
803   1000.000000 
804   1000.000000 
805   1000.000000 
806   1000.000000 
807   1000.000000 
808   1000.000000 
809   1000.000000 
810   1000.000000 
811   1000.000000 
812   1000.000000 
813   1000.000000 
814   1000.000000 
815   1000.000000 
816   1000.000000 
817   1000.000000 
818   1000.000000 
819   1000.000000 
820   1000.000000 
821   1000.000000 
822   1000.000000 
823   1000.000000 
824   1000.000000 
825   1000.000000 
826   1000.000000 
827   1000.000000 
828   1000.000000 
829   16.250000 
830   16.750000 
831   16.750000 
832   15.250000 
833   1000.000000 
834   1000.000000 
835   1000.000000 
836   1000.000000 
837   1000.000000 
838   1000.000000 
839   1000.000000 
840   1000.000000 
841   1000.000000 
842   1000.000000 
843   1000.000000 
844   1000.000000 
845   1000.000000 
846   1000.000000 
847   1000.000000 
848   1000.000000 
849   1000.000000 
850   1000.000000 
851   1000.000000 
852   1000.000000 
853   1000.000000 
854   1000.000000 
855   1000.000000 
856   1000.000000 
857   1000.000000 
858   1000.000000 
859   1000.000000 
860   1000.000000 
861   1000.000000 
862   1000.000000 
863   1000.000000 
864   1000.000000 
865   1000.000000 
866   1000.000000 
867   1000.000000 
868   1000.000000 
869   1000.000000 
870   1000.000000 
871   1000.000000 
872   1000.000000 
873   1000.000000 
874   1000.000000 
875   1000.000000 
876   1000.000000 
877   16.750000 
878   16.750000 
879   16.750000 
880   15.250000 
881   1000.000000 
882   1000.000000 
883   1000.000000 
884   1000.000000 
885   1000.000000 
886   15.250000 
887   1000.000000 
888   1000.000000 
889   1000.000000 
890   1000.000000 
891   1000.000000 
892   1000.000000 
893   17.250000 
894   16.250000 
895   16.750000 
896   15.750000 
897   1000.000000 
898   1000.000000 
899   1000.000000 
900   1000.000000 
901   1000.000000 
902   1000.000000 
903   1000.000000 
904   1000.000000 
905   1000.000000 
906   1000.000000 
907   1000.000000 
908   1000.000000 
909   1000.000000 
910   1000.000000 
911   1000.000000 
912   1000.000000 
913   1000.000000 
914   1000.000000 
915   1000.000000 
916   1000.000000 
917   1000.000000 
918   1000.000000 
919   1000.000000 
920   1000.000000 
921   1000.000000 
922   1000.000000 
923   1000.000000 
924   1000.000000 
925   1000.000000 
926   1000.000000 
927   1000.000000 
928   1000.000000 
929   1000.000000 
930   1000.000000 
931   1000.000000 
932   1000.000000 
933   1000.000000 
934   1000.000000 
935   1000.000000 
936   1000.000000 
937   1000.000000 
938   1000.000000 
939   1000.000000 
940   1000.000000 
941   1000.000000 
942   1000.000000 
943   1000.000000 
944   1000.000000 
945   1000.000000 
946   1000.000000 
947   1000.000000 
948   1000.000000 
949   1000.000000 
950   1000.000000 
951   1000.000000 
952   1000.000000 
953   1000.000000 
954   1000.000000 
955   1000.000000 
956   1000.000000 
957   16.250000 
958   14.750000 
959   15.750000 
960   15.750000 
961   1000.000000 
962   1000.000000 
963   1000.000000 
964   14.750000 
965   1000.000000 
966   1000.000000 
967   1000.000000 
968   1000.000000 
969   14.750000 
970   1000.000000 
971   1000.000000 
972   1000.000000 
973   1000.000000 
974   1000.000000 
975   1000.000000 
976   1000.000000 
977   1000.000000 
978   1000.000000 
979   1000.000000 
980   1000.000000 
981   1000.000000 
982   1000.000000 
983   1000.000000 
984   1000.000000 
985   1000.000000 
986   1000.000000 
987   1000.000000 
988   1000.000000 
989   1000.000000 
990   1000.000000 
991   1000.000000 
992   1000.000000 
993   1000.000000 
994   1000.000000 
995   1000.000000 
996   1000.000000 
997   1000.000000 
998   1000.000000 
999   1000.000000 
1000   15.250000 
1001   1000.000000 
1002   1000.000000 
1003   1000.000000 
1004   15.250000 
1005   1000.000000 
1006   1000.000000 
1007   1000.000000 
1008   1000.000000 
1009   1000.000000 
1010   1000.000000 
1011   1000.000000 
1012   1000.000000 
1013   1000.000000 
1014   1000.000000 
1015   1000.000000 
1016   1000.000000 
1017   1000.000000 
1018   1000.000000 
1019   1000.000000 
1020   15.250000 
1021   16.250000 
1022   15.750000 
1023   15.750000 
1024   16.250000 
1025   1000.000000 
1026   1000.000000 
1027   1000.000000 
1028   1000.000000 
1029   1000.000000 
1030   1000.000000 
1031   1000.000000 
1032   1000.000000 
1033   1000.000000 
1034   1000.000000 
1035   1000.000000 
1036   1000.000000 
1037   1000.000000 
1038   1000.000000 
1039   1000.000000 
1040   1000.000000 
1041   1000.000000 
1042   1000.000000 
1043   1000.000000 
1044   1000.000000 
1045   1000.000000 
1046   1000.000000 
1047   1000.000000 
1048   1000.000000 
1049   1000.000000 
1050   1000.000000 
1051   1000.000000 
1052   1000.000000 
1053   1000.000000 
1054   1000.000000 
1055   1000.000000 
1056   1000.000000 
1057   1000.000000 
1058   1000.000000 
1059   1000.000000 
1060   1000.000000 
1061   1000.000000 
1062   1000.000000 
1063   1000.000000 
1064   1000.000000 
1065   1000.000000 
1066   1000.000000 
1067   1000.000000 
1068   1000.000000 
1069   1000.000000 
1070   1000.000000 
1071   1000.000000 
1072   1000.000000 
1073   1000.000000 
1074   1000.000000 
1075   1000.000000 
1076   1000.000000 
1077   1000.000000 
1078   1000.000000 
1079   1000.000000 
1080   1000.000000 
1081   1000.000000 
1082   1000.000000 
1083   1000.000000 
1084   1000.000000 
1085   1000.000000 
1086   1000.000000 
1087   1000.000000 
1088   1000.000000 
1089   1000.000000 
1090   1000.000000 
1091   1000.000000 
1092   1000.000000 
1093   1000.000000 
1094   1000.000000 
1095   1000.000000 
1096   1000.000000 
1097   1000.000000 
1098   1000.000000 
1099   1000.000000 
1100   1000.000000 
1101   1000.000000 
1102   1000.000000 
1103   1000.000000 
1104   1000.000000 
1105   1000.000000 
1106   1000.000000 
1107   1000.000000 
1108   1000.000000 
1109   1000.000000 
1110   1000.000000 
1111   1000.000000 
1112   1000.000000 
1113   1000.000000 
1114   1000.000000 
1115   1000.000000 
1116   1000.000000 
1117   1000.000000 
1118   1000.000000 
1119   1000.000000 
1120   1000.000000 
1121   1000.000000 
1122   1000.000000 
1123   1000.000000 
1124   1000.000000 
1125   1000.000000 
1126   1000.000000 
1127   1000.000000 
1128   1000.000000 
1129   1000.000000 
1130   1000.000000 
1131   1000.000000 
1132   1000.000000 
1133   1000.000000 
1134   1000.000000 
1135   1000.000000 
1136   1000.000000 
1137   1000.000000 
1138   1000.000000 
1139   1000.000000 
1140   1000.000000 
1141   1000.000000 
1142   1000.000000 
1143   1000.000000 
1144   1000.000000 
1145   1000.000000 
1146   1000.000000 
1147   1000.000000 
1148   1000.000000 
1149   1000.000000 
1150   1000.000000 
1151   1000.000000 
1152   1000.000000 
1153   1000.000000 
1154   1000.000000 
1155   1000.000000 
1156   1000.000000 
1157   1000.000000 
1158   1000.000000 
1159   1000.000000 
1160   1000.000000 
1161   1000.000000 
1162   1000.000000 
1163   1000.000000 
1164   1000.000000 
1165   1000.000000 
1166   1000.000000 
1167   1000.000000 
1168   1000.000000 
1169   1000.000000 
1170   1000.000000 
1171   1000.000000 
1172   1000.000000 
1173   1000.000000 
1174   1000.000000 
1175   1000.000000 
1176   1000.000000 
1177   1000.000000 
1178   1000.000000 
1179   1000.000000 
1180   1000.000000 
1181   1000.000000 
1182   1000.000000 
1183   1000.000000 
1184   1000.000000 
1185   1000.000000 
1186   1000.000000 
1187   1000.000000 
1188   1000.000000 
1189   1000.000000 
1190   1000.000000 
1191   1000.000000 
1192   1000.000000 
1193   1000.000000 
1194   1000.000000 
1195   1000.000000 
1196   1000.000000 
1197   1000.000000 
1198   1000.000000 
1199   1000.000000 
1200   1000.000000 
1201   1000.000000 
1202   1000.000000 
1203   1000.000000 
1204   1000.000000 
1205   1000.000000 
1206   1000.000000 
1207   1000.000000 
1208   1000.000000 
1209   1000.000000 
1210   1000.000000 
1211   1000.000000 
1212   1000.000000 
1213   1000.000000 
1214   1000.000000 
1215   1000.000000 
1216   1000.000000 
1217   1000.000000 
1218   1000.000000 
1219   1000.000000 
1220   1000.000000 
1221   1000.000000 
1222   1000.000000 
1223   1000.000000 
1224   1000.000000 
1225   1000.000000 
1226   1000.000000 
1227   1000.000000 
1228   1000.000000 
1229   1000.000000 
1230   1000.000000 
1231   1000.000000 
1232   1000.000000 
1233   1000.000000 
1234   1000.000000 
1235   1000.000000 
1236   1000.000000 
1237   1000.000000 
1238   1000.000000 
1239   1000.000000 
1240   1000.000000 
1241   1000.000000 
1242   1000.000000 
1243   1000.000000 
1244   1000.000000 
1245   1000.000000 
1246   1000.000000 
1247   1000.000000 
1248   1000.000000 
1249   1000.000000 
1250   1000.000000 
1251   1000.000000 
1252   1000.000000 
1253   1000.000000 
1254   1000.000000 
1255   1000.000000 
1256   1000.000000 
1257   1000.000000 
1258   1000.000000 
1259   1000.000000 
1260   1000.000000 
1261   1000.000000 
1262   1000.000000 
1263   1000.000000 
1264   1000.000000 
1265   1000.000000 
1266   1000.000000 
1267   1000.000000 
1268   1000.000000 
1269   1000.000000 
1270   1000.000000 
1271   1000.000000 
1272   1000.000000 
1273   1000.000000 
1274   1000.000000 
1275   1000.000000 
1276   1000.000000 
1277   1000.000000 
1278   1000.000000 
1279   1000.000000 
1280   1000.000000 
1281   1000.000000 
1282   1000.000000 
1283   1000.000000 
1284   1000.000000 
1285   1000.000000 
1286   1000.000000 
1287   1000.000000 
1288   1000.000000 
1289   1000.000000 
1290   1000.000000 
1291   1000.000000 
1292   1000.000000 
1293   1000.000000 
1294   1000.000000 
1295   1000.000000 
1296   1000.000000 
1297   1000.000000 
1298   1000.000000 
1299   1000.000000 
1300   1000.000000 
1301   1000.000000 
1302   1000.000000 
1303   1000.000000 
1304   1000.000000 
1305   1000.000000 
1306   1000.000000 
1307   1000.000000 
1308   1000.000000 
1309   1000.000000 
1310   1000.000000 
1311   1000.000000 
1312   1000.000000 
1313   1000.000000 
1314   1000.000000 
1315   1000.000000 
1316   1000.000000 
1317   1000.000000 
1318   1000.000000 
1319   1000.000000 
1320   1000.000000 
1321   1000.000000 
1322   1000.000000 
1323   1000.000000 
1324   1000.000000 
1325   1000.000000 
1326   1000.000000 
1327   1000.000000 
1328   1000.000000 
1329   1000.000000 
1330   1000.000000 
1331   1000.000000 
1332   1000.000000 
1333   1000.000000 
1334   1000.000000 
1335   1000.000000 
1336   1000.000000 
1337   1000.000000 
1338   1000.000000 
1339   1000.000000 
1340   1000.000000 
1341   1000.000000 
1342   1000.000000 
1343   1000.000000 
1344   1000.000000 
1345   1000.000000 
1346   1000.000000 
1347   1000.000000 
1348   1000.000000 
1349   1000.000000 
1350   1000.000000 
1351   1000.000000 
1352   1000.000000 
1353   1000.000000 
1354   1000.000000 
1355   1000.000000 
1356   1000.000000 
1357   1000.000000 
1358   1000.000000 
1359   1000.000000 
1360   1000.000000 
1361   1000.000000 
1362   1000.000000 
1363   1000.000000 
1364   1000.000000 
1365   1000.000000 
1366   1000.000000 
1367   1000.000000 
1368   1000.000000 
1369   1000.000000 
1370   1000.000000 
1371   1000.000000 
1372   1000.000000 
1373   1000.000000 
1374   1000.000000 
1375   1000.000000 
1376   1000.000000 
1377   1000.000000 
1378   1000.000000 
1379   1000.000000 
1380   1000.000000 
1381   1000.000000 
1382   1000.000000 
1383   1000.000000 
1384   1000.000000 
1385   1000.000000 
1386   1000.000000 
1387   1000.000000 
1388   1000.000000 
1389   1000.000000 
1390   1000.000000 
1391   1000.000000 
1392   1000.000000 
1393   1000.000000 
1394   1000.000000 
1395   1000.000000 
1396   1000.000000 
1397   1000.000000 
1398   1000.000000 
1399   1000.000000 
1400   1000.000000 
1401   1000.000000 
1402   1000.000000 
1403   1000.000000 
1404   1000.000000 
1405   1000.000000 
1406   1000.000000 
1407   1000.000000 
1408   1000.000000 
1409   1000.000000 
1410   1000.000000 
1411   1000.000000 
1412   1000.000000 
1413   1000.000000 
1414   1000.000000 
1415   1000.000000 
1416   1000.000000 
1417   1000.000000 
1418   1000.000000 
1419   1000.000000 
1420   1000.000000 
1421   1000.000000 
1422   1000.000000 
1423   1000.000000 
1424   1000.000000 
1425   1000.000000 
1426   1000.000000 
1427   1000.000000 
1428   1000.000000 
1429   1000.000000 
1430   1000.000000 
1431   1000.000000 
1432   1000.000000 
1433   1000.000000 
1434   1000.000000 
1435   1000.000000 
1436   1000.000000 
1437   1000.000000 
1438   1000.000000 
1439   1000.000000 
1440   1000.000000 
1441   1000.000000 
1442   1000.000000 
1443   1000.000000 
1444   1000.000000 
1445   1000.000000 
1446   1000.000000 
1447   1000.000000 
1448   1000.000000 
1449   1000.000000 
1450   1000.000000 
1451   1000.000000 
1452   1000.000000 
1453   1000.000000 
1454   1000.000000 
1455   1000.000000 
1456   1000.000000 
1457   1000.000000 
1458   1000.000000 
1459   1000.000000 
1460   1000.000000 
1461   1000.000000 
1462   1000.000000 
1463   1000.000000 
1464   1000.000000 
1465   1000.000000 
1466   1000.000000 
1467   1000.000000 
1468   1000.000000 
1469   1000.000000 
1470   1000.000000 
1471   1000.000000 
1472   1000.000000 
1473   1000.000000 
1474   1000.000000 
1475   1000.000000 
1476   1000.000000 
1477   1000.000000 
1478   1000.000000 
1479   1000.000000 
1480   1000.000000 
1481   1000.000000 
1482   1000.000000 
1483   1000.000000 
1484   1000.000000 
1485   1000.000000 
1486   1000.000000 
1487   1000.000000 
1488   1000.000000 
1489   1000.000000 
1490   1000.000000 
1491   1000.000000 
1492   1000.000000 
1493   1000.000000 
1494   1000.000000 
1495   1000.000000 
1496   1000.000000 
1497   1000.000000 
1498   1000.000000 
1499   1000.000000 
1500   1000.000000 
1501   1000.000000 
1502   1000.000000 
1503   1000.000000 
1504   1000.000000 
1505   1000.000000 
1506   1000.000000 
1507   1000.000000 
1508   1000.000000 
1509   1000.000000 
1510   1000.000000 
1511   1000.000000 
1512   1000.000000 
1513   1000.000000 
1514   1000.000000 
1515   1000.000000 
1516   1000.000000 
1517   1000.000000 
1518   1000.000000 
1519   1000.000000 
1520   1000.000000 
1521   1000.000000 
1522   1000.000000 
1523   1000.000000 
1524   1000.000000 
1525   1000.000000 
1526   1000.000000 
1527   1000.000000 
1528   1000.000000 
1529   1000.000000 
1530   1000.000000 
1531   1000.000000 
1532   1000.000000 
1533   1000.000000 
1534   1000.000000 
1535   1000.000000 
1536   1000.000000 
1537   1000.000000 
1538   1000.000000 
1539   1000.000000 
1540   1000.000000 
1541   1000.000000 
1542   1000.000000 
1543   1000.000000 
1544   1000.000000 
1545   1000.000000 
1546   1000.000000 
1547   1000.000000 
1548   1000.000000 
1549   1000.000000 
1550   1000.000000 
1551   1000.000000 
1552   1000.000000 
1553   1000.000000 
1554   1000.000000 
1555   1000.000000 
1556   1000.000000 
1557   1000.000000 
1558   1000.000000 
1559   1000.000000 
1560   1000.000000 
1561   1000.000000 
1562   1000.000000 
1563   1000.000000 
1564   1000.000000 
1565   1000.000000 
1566   1000.000000 
1567   1000.000000 
1568   1000.000000 
1569   1000.000000 
1570   1000.000000 
1571   1000.000000 
1572   1000.000000 
1573   1000.000000 
1574   1000.000000 
1575   1000.000000 
1576   1000.000000 
1577   1000.000000 
1578   1000.000000 
1579   1000.000000 
1580   1000.000000 
1581   1000.000000 
1582   1000.000000 
1583   1000.000000 
1584   1000.000000 
1585   1000.000000 
1586   1000.000000 
1587   1000.000000 
1588   1000.000000 
1589   1000.000000 
1590   1000.000000 
1591   1000.000000 
1592   1000.000000 
1593   1000.000000 
1594   1000.000000 
1595   1000.000000 
1596   1000.000000 
1597   1000.000000 
1598   1000.000000 
1599   1000.000000 
1600   1000.000000 
1601   1000.000000 
1602   1000.000000 
1603   1000.000000 
1604   1000.000000 
1605   1000.000000 
1606   1000.000000 
1607   1000.000000 
1608   1000.000000 
1609   1000.000000 
1610   1000.000000 
1611   1000.000000 
1612   1000.000000 
1613   1000.000000 
1614   1000.000000 
1615   1000.000000 
1616   1000.000000 
1617   1000.000000 
1618   1000.000000 
1619   1000.000000 
1620   1000.000000 
1621   1000.000000 
1622   1000.000000 
1623   1000.000000 
1624   1000.000000 
1625   1000.000000 
1626   1000.000000 
1627   1000.000000 
1628   1000.000000 
1629   1000.000000 
1630   1000.000000 
1631   1000.000000 
1632   1000.000000 
1633   1000.000000 
1634   1000.000000 
1635   1000.000000 
1636   1000.000000 
1637   1000.000000 
1638   1000.000000 
1639   1000.000000 
1640   1000.000000 
1641   1000.000000 
1642   1000.000000 
1643   1000.000000 
1644   1000.000000 
1645   1000.000000 
1646   1000.000000 
1647   1000.000000 
1648   1000.000000 
1649   1000.000000 
1650   1000.000000 
1651   1000.000000 
1652   1000.000000 
1653   1000.000000 
1654   1000.000000 
1655   1000.000000 
1656   1000.000000 
1657   1000.000000 
1658   1000.000000 
1659   1000.000000 
1660   1000.000000 
1661   1000.000000 
1662   1000.000000 
1663   1000.000000 
1664   1000.000000 
1665   1000.000000 
1666   1000.000000 
1667   1000.000000 
1668   1000.000000 
1669   1000.000000 
1670   1000.000000 
1671   1000.000000 
1672   1000.000000 
1673   1000.000000 
1674   1000.000000 
1675   1000.000000 
1676   1000.000000 
1677   1000.000000 
1678   1000.000000 
1679   1000.000000 
1680   1000.000000 
1681   1000.000000 
1682   1000.000000 
1683   1000.000000 
1684   1000.000000 
1685   1000.000000 
1686   1000.000000 
1687   1000.000000 
1688   1000.000000 
1689   1000.000000 
1690   1000.000000 
1691   1000.000000 
1692   1000.000000 
1693   1000.000000 
1694   1000.000000 
1695   1000.000000 
1696   1000.000000 
1697   1000.000000 
1698   1000.000000 
1699   1000.000000 
1700   1000.000000 
1701   1000.000000 
1702   1000.000000 
1703   1000.000000 
1704   1000.000000 
1705   1000.000000 
1706   1000.000000 
1707   1000.000000 
1708   1000.000000 
1709   1000.000000 
1710   1000.000000 
1711   1000.000000 
1712   1000.000000 
1713   1000.000000 
1714   1000.000000 
1715   1000.000000 
1716   1000.000000 
1717   1000.000000 
1718   1000.000000 
1719   1000.000000 
1720   1000.000000 
1721   1000.000000 
1722   1000.000000 
1723   1000.000000 
1724   1000.000000 
1725   1000.000000 
1726   1000.000000 
1727   1000.000000 
1728   1000.000000 
1729   1000.000000 
1730   1000.000000 
1731   1000.000000 
1732   1000.000000 
1733   1000.000000 
1734   1000.000000 
1735   1000.000000 
1736   1000.000000 
1737   1000.000000 
1738   1000.000000 
1739   1000.000000 
1740   1000.000000 
1741   1000.000000 
1742   1000.000000 
1743   1000.000000 
1744   1000.000000 
1745   1000.000000 
1746   1000.000000 
1747   1000.000000 
1748   1000.000000 
1749   1000.000000 
1750   1000.000000 
1751   1000.000000 
1752   1000.000000 
1753   1000.000000 
1754   1000.000000 
1755   1000.000000 
1756   1000.000000 
1757   1000.000000 
1758   1000.000000 
1759   1000.000000 
1760   1000.000000 
1761   1000.000000 
1762   1000.000000 
1763   1000.000000 
1764   1000.000000 
1765   1000.000000 
1766   1000.000000 
1767   1000.000000 
1768   1000.000000 
1769   1000.000000 
1770   1000.000000 
1771   1000.000000 
1772   1000.000000 
1773   1000.000000 
1774   1000.000000 
1775   1000.000000 
1776   1000.000000 
1777   1000.000000 
1778   1000.000000 
1779   1000.000000 
1780   1000.000000 
1781   1000.000000 
1782   1000.000000 
1783   1000.000000 
1784   1000.000000 
1785   1000.000000 
1786   1000.000000 
1787   1000.000000 
1788   1000.000000 
1789   1000.000000 
1790   1000.000000 
1791   1000.000000 
1792   1000.000000 
1793   1000.000000 
1794   1000.000000 
1795   1000.000000 
1796   1000.000000 
1797   1000.000000 
1798   1000.000000 
1799   1000.000000 
1800   1000.000000 
1801   1000.000000 
1802   1000.000000 
1803   1000.000000 
1804   1000.000000 
1805   1000.000000 
1806   1000.000000 
1807   1000.000000 
1808   1000.000000 
1809   1000.000000 
1810   1000.000000 
1811   1000.000000 
1812   1000.000000 
1813   1000.000000 
1814   1000.000000 
1815   1000.000000 
1816   1000.000000 
1817   1000.000000 
1818   1000.000000 
1819   1000.000000 
1820   1000.000000 
1821   1000.000000 
1822   1000.000000 
1823   1000.000000 
1824   1000.000000 
1825   1000.000000 
1826   1000.000000 
1827   1000.000000 
1828   1000.000000 
1829   1000.000000 
1830   1000.000000 
1831   1000.000000 
1832   1000.000000 
1833   1000.000000 
1834   1000.000000 
1835   1000.000000 
1836   1000.000000 
1837   1000.000000 
1838   1000.000000 
1839   1000.000000 
1840   1000.000000 
1841   1000.000000 
1842   1000.000000 
1843   1000.000000 
1844   1000.000000 
1845   1000.000000 
1846   1000.000000 
1847   1000.000000 
1848   1000.000000 
1849   1000.000000 
1850   1000.000000 
1851   1000.000000 
1852   1000.000000 
1853   1000.000000 
1854   1000.000000 
1855   1000.000000 
1856   1000.000000 
1857   1000.000000 
1858   1000.000000 
1859   1000.000000 
1860   1000.000000 
1861   1000.000000 
1862   1000.000000 
1863   1000.000000 
1864   1000.000000 
1865   1000.000000 
1866   1000.000000 
1867   1000.000000 
1868   1000.000000 
1869   1000.000000 
1870   1000.000000 
1871   1000.000000 
1872   1000.000000 
1873   1000.000000 
1874   1000.000000 
1875   1000.000000 
1876   1000.000000 
1877   1000.000000 
1878   1000.000000 
1879   1000.000000 
1880   1000.000000 
1881   1000.000000 
1882   1000.000000 
1883   1000.000000 
1884   1000.000000 
1885   1000.000000 
1886   1000.000000 
1887   1000.000000 
1888   1000.000000 
1889   1000.000000 
1890   1000.000000 
1891   1000.000000 
1892   1000.000000 
1893   1000.000000 
1894   1000.000000 
1895   1000.000000 
1896   1000.000000 
1897   1000.000000 
1898   1000.000000 
1899   1000.000000 
1900   1000.000000 
1901   1000.000000 
1902   1000.000000 
1903   1000.000000 
1904   1000.000000 
1905   1000.000000 
1906   1000.000000 
1907   1000.000000 
1908   1000.000000 
1909   1000.000000 
1910   1000.000000 
1911   1000.000000 
1912   1000.000000 
1913   1000.000000 
1914   1000.000000 
1915   1000.000000 
1916   1000.000000 
1917   1000.000000 
1918   1000.000000 
1919   1000.000000 
1920   1000.000000 
1921   1000.000000 
1922   1000.000000 
1923   1000.000000 
1924   1000.000000 
1925   1000.000000 
1926   1000.000000 
1927   1000.000000 
1928   1000.000000 
1929   1000.000000 
1930   1000.000000 
1931   1000.000000 
1932   1000.000000 
1933   1000.000000 
1934   1000.000000 
1935   1000.000000 
1936   1000.000000 
1937   1000.000000 
1938   1000.000000 
1939   1000.000000 
1940   1000.000000 
1941   1000.000000 
1942   1000.000000 
1943   1000.000000 
1944   1000.000000 
1945   1000.000000 
1946   1000.000000 
1947   1000.000000 
1948   1000.000000 
1949   1000.000000 
1950   1000.000000 
1951   1000.000000 
1952   1000.000000 
1953   1000.000000 
1954   1000.000000 
1955   1000.000000 
1956   1000.000000 
1957   1000.000000 
1958   1000.000000 
1959   1000.000000 
1960   1000.000000 
1961   1000.000000 
1962   1000.000000 
1963   1000.000000 
1964   1000.000000 
1965   1000.000000 
1966   1000.000000 
1967   1000.000000 
1968   1000.000000 
1969   1000.000000 
1970   1000.000000 
1971   1000.000000 
1972   1000.000000 
1973   1000.000000 
1974   1000.000000 
1975   1000.000000 
1976   1000.000000 
1977   1000.000000 
1978   1000.000000 
1979   1000.000000 
1980   1000.000000 
1981   1000.000000 
1982   1000.000000 
1983   1000.000000 
1984   1000.000000 
1985   1000.000000 
1986   1000.000000 
1987   1000.000000 
1988   1000.000000 
1989   1000.000000 
1990   1000.000000 
1991   1000.000000 
1992   1000.000000 
1993   1000.000000 
1994   1000.000000 
1995   1000.000000 
1996   1000.000000 
1997   1000.000000 
1998   1000.000000 
1999   1000.000000 
2000   1000.000000 
2001   1000.000000 
2002   1000.000000 
2003   1000.000000 
2004   1000.000000 
2005   1000.000000 
2006   1000.000000 
2007   1000.000000 
2008   1000.000000 
2009   1000.000000 
2010   1000.000000 
2011   1000.000000 
2012   1000.000000 
2013   1000.000000 
2014   1000.000000 
2015   1000.000000 
2016   1000.000000 
2017   1000.000000 
2018   1000.000000 
2019   1000.000000 
2020   1000.000000 
2021   1000.000000 
2022   1000.000000 
2023   1000.000000 
2024   1000.000000 
2025   1000.000000 
2026   1000.000000 
2027   1000.000000 
2028   1000.000000 
2029   1000.000000 
2030   1000.000000 
2031   1000.000000 
2032   1000.000000 
2033   1000.000000 
2034   1000.000000 
2035   1000.000000 
2036   1000.000000 
2037   1000.000000 
2038   1000.000000 
2039   1000.000000 
2040   1000.000000 
2041   1000.000000 
2042   1000.000000 
2043   1000.000000 
2044   1000.000000 
2045   1000.000000 
2046   1000.000000 
2047   1000.000000 
2048   1000.000000 
2049   1000.000000 
2050   1000.000000 
2051   1000.000000 
2052   1000.000000 
2053   1000.000000 
2054   1000.000000 
2055   1000.000000 
2056   1000.000000 
2057   1000.000000 
2058   1000.000000 
2059   1000.000000 
2060   1000.000000 
2061   1000.000000 
2062   1000.000000 
2063   1000.000000 
2064   1000.000000 
2065   1000.000000 
2066   1000.000000 
2067   1000.000000 
2068   1000.000000 
2069   1000.000000 
2070   1000.000000 
2071   1000.000000 
2072   1000.000000 
2073   1000.000000 
2074   1000.000000 
2075   1000.000000 
2076   1000.000000 
2077   1000.000000 
2078   1000.000000 
2079   1000.000000 
2080   1000.000000 
2081   1000.000000 
2082   1000.000000 
2083   1000.000000 
2084   1000.000000 
2085   1000.000000 
2086   1000.000000 
2087   1000.000000 
2088   1000.000000 
2089   1000.000000 
2090   1000.000000 
2091   1000.000000 
2092   1000.000000 
2093   1000.000000 
2094   1000.000000 
2095   1000.000000 
2096   1000.000000 
2097   1000.000000 
2098   1000.000000 
